Species_name,Symbiotic_type,C-selection,S-selection,R-selection
Abuta racemosa,AM,29.59454705,63.12209932,7.283353622
Abutilon theophrasti,AM,66.59428353,14.06769819,19.33801828
Acalypha diversifolia,AM,43.51862074,35.93207922,20.54930004
Acalypha macrostachya,AM,67.90702864,11.30006603,20.79290533
Acalypha virginica,AM,28.0156246,30.08275488,41.90162052
Acer campestre,AM,42.28996165,29.41041816,28.29962019
Acer monspessulanum,AM,23.48608247,68.82589177,7.688025762
Acer negundo,AM,50.38023457,23.31181719,26.30794824
Acer opalus,AM,47.54938263,25.57365408,26.8769633
Acer platanoides,AM,48.75654458,35.31339013,15.93006528
Acer pseudoplatanus,AM,37.5106324,54.93481512,7.554552481
Acer saccharum,AM,27.13081811,56.44055705,16.42862484
Achillea atrata,AM,10.12705181,25.27106966,64.60187853
Achillea cartilaginea,AM,23.47540561,26.19460577,50.32998862
Achillea clavennae,AM,48.54663932,0,51.45336068
Achillea collina,AM,41.02041988,15.78748376,43.19209635
Achillea macrophylla,AM,64.70771791,0,35.29228209
Achillea millefolium,AM,22.01773394,58.80502385,19.17724221
Achillea moschata,AM,5.800865115,58.93901372,35.26012117
Achillea pannonica,AM,23.79144936,76.20855064,0
Achillea roseoalba,AM,36.20319407,14.11063928,49.68616665
Achnatherum calamagrostis,AM,43.36923824,40.85725177,15.77350999
Clinopodium acinos,AM,2.874904945,50.89441239,46.23068267
Aconitum lycoctonum,AM,74.02777994,0,25.97222006
Aconitum napellus,AM,66.90326408,3.795544465,29.30119145
Aconitum nasutum,AM,47.27834709,9.316052327,43.40560058
Actaea spicata,AM,60.90342236,14.82036655,24.27621109
Adelia triloba,AM,33.59316227,38.74644287,27.66039486
Adiantum capillus-veneris,AM,48.00088098,0,51.99911902
Adonis aestivalis,AM,12.23653094,0,87.76346906
Adonis vernalis,AM,11.2603386,69.88581828,18.85384311
Aegilops geniculata,AM,1.30723959,49.97052864,48.72223177
Aegiphila cephalophora,AM,42.20427035,29.93689043,27.85883923
Aegiphila elata,AM,55.20167658,34.77893022,10.0193932
Aegiphila panamensis,AM,48.20308114,21.43229527,30.36462359
Aegiphila pernambucensis,AM,56.65842789,41.28990667,2.051665445
Aegopodium podagraria,AM,65.13237656,13.52928965,21.33833379
Aesculus hippocastanum,AM,76.54896742,12.51633393,10.93469865
Aethusa cynapium,AM,55.60574622,9.305853171,35.08840061
Agave virginica,AM,17.27189274,82.72810726,0
Agoseris glauca,AM,34.43625814,4.561754879,61.00198698
Agrimonia eupatoria,AM,39.20213727,52.34104151,8.456821219
Agrimonia gryposepala,AM,14.23145985,72.92579108,12.84274907
Agrimonia procera,AM,54.24471979,29.85826622,15.89701399
Agrimonia pubescens,AM,43.09728419,45.77179466,11.13092115
Agropyron desertorum,AM,12.11830607,87.88169393,0
Agropyron junceum,AM,31.81399331,68.18600669,0
Elymus repens,AM,26.03185945,50.85117964,23.11696091
Poa nemoralis,AM,19.02726873,44.79246354,36.18026773
Agrostis alpina,AM,1.101159839,95.20540294,3.693437223
Agrostis canina,AM,4.460652349,41.75382207,53.78552558
Agrostis capillaris,AM,5.899033222,52.83144488,41.26952189
Agrostis gigantea,AM,12.74441202,35.30432049,51.95126749
Agrostis hyemalis,AM,4.940184979,79.25170696,15.80810806
Agrostis mertensii,AM,2.838017282,60.90697976,36.25500296
Agrostis rupestris,AM,1.872931989,83.4734496,14.65361841
Agrostis schraderiana,AM,8.714892623,60.65908836,30.62601901
Agrostis stolonifera,AM,11.39914494,46.70586353,41.89499153
Agrostis capillaris,AM,11.547777,49.32986765,39.12235535
Agrostis vinealis,AM,9.436324292,63.7524076,26.81126811
Aidia densiflora,AM,38.29610462,60.51260241,1.19129297
Ailanthus altissima,AM,74.92114119,21.32163465,3.757224161
Ajuga chamaepitys,AM,11.92217986,3.734668962,84.34315118
Ajuga genevensis,AM,26.1710179,0,73.8289821
Ajuga orientalis,AM,32.68464949,42.25601271,25.05933779
Ajuga pyramidalis,AM,27.19258379,41.1170263,31.69038992
Ajuga reptans,AM,23.84757138,16.86556434,59.28686428
Alangium ebenaceum,AM,49.71809153,50.28190847,0
Alcea rosea,AM,72.5084256,14.1688026,13.3227718
Alchemilla alpina,AM,15.16301605,66.94052704,17.89645691
Alchemilla caucasica,AM,17.27598978,68.70562726,14.01838297
Alchemilla glabra,AM,25.41835999,40.17327812,34.40836189
Alchemilla glaucescens,AM,32.76803078,42.39861274,24.83335647
Alchemilla mollis,AM,60.00533479,24.15458979,15.84007542
Alchemilla monticola,AM,42.57647091,33.67693771,23.74659138
Alchemilla pentaphyllea,AM,13.31714908,44.01561118,42.66723974
Alchemilla propinqua,AM,39.79879537,32.88512331,27.31608132
Alchemilla subcrenata,AM,41.00616198,27.84825881,31.14557922
Alchemilla subglobosa,AM,38.56312079,31.76336678,29.67351243
Alchemilla vulgaris,AM,37.15762721,38.98923439,23.8531384
Alchemilla xanthochlora,AM,56.32277703,20.10402097,23.573202
Alchornea costaricensis,AM,33.55599424,52.02767699,14.41632877
Alchornea latifolia,AM,47.81245171,35.29365331,16.89389498
Alibertia edulis,AM,36.81911946,48.46148791,14.71939263
Cordiera myrciifolia,AM,41.02157827,58.97842173,0
Allium carinatum,AM,39.89637707,0,60.10362293
Allium insubricum,AM,53.34720172,0,46.65279828
Allium paradoxum,AM,44.59988282,0,55.40011718
Allium senescens,AM,49.59793403,0,50.40206597
Allium sphaerocephalon,AM,39.95472627,0,60.04527373
Allium ursinum,AM,45.65813631,0,54.34186369
Allium vineale,AM,48.44886476,4.315725171,47.23541007
Allophylus edulis,AM,37.56529287,54.57580898,7.858898145
Allophylus psilospermus,AM,50.19818743,27.68424954,22.11756303
Alopecurus aequalis,AM,22.68246451,7.54171985,69.77581564
Alopecurus geniculatus,AM,13.09217631,27.34094102,59.56688268
Alopecurus pratensis,AM,11.88081617,58.77902193,29.34016189
Alphonsea maingayi,AM,30.52078248,60.05268545,9.42653207
Alseis blackiana,AM,52.07412854,28.76438457,19.16148689
Alseis pickelii,AM,51.21527727,28.43621791,20.34850482
Althaea officinalis,AM,49.04170045,17.49409647,33.46420308
Amaioua glomerulata,AM,49.48604677,40.89126636,9.622686872
Ambrosia artemisiifolia,AM,49.66357438,23.04219152,27.2942341
Ambrosia coronopifolia,AM,16.98089642,46.45028943,36.56881416
Ambrosia psilostachya,AM,15.89549574,61.33994452,22.76455974
Ambrosia trifida,AM,60.1355398,9.382525893,30.48193431
Amelanchier lamarckii,AM,26.40655207,67.0303355,6.563112427
Amelanchier ovalis,AM,16.23820758,64.73239344,19.02939898
Ammi majus,AM,6.462176061,0,93.53782394
Ammophila littoralis,AM,31.11948182,68.88051818,0
Amphilophium paniculatum,AM,53.21627996,28.52272597,18.26099407
Anacardium excelsum,AM,55.46839512,34.60870528,9.922899593
Anacardium occidentale,AM,50.4231648,49.5768352,0
Anagallis arvensis,AM,6.475869345,0,93.52413066
Anagallis foemina,AM,10.20318834,0,89.79681166
Anagallis minima,AM,0,0,100
Anaphalis margaritacea,AM,31.37456925,51.61866931,17.00676144
Anaxagorea dolichocarpa,AM,61.47303902,28.78847764,9.738483343
Anaxagorea javanica,AM,43.42590031,48.58877949,7.985320205
Anaxagorea panamensis,AM,37.71586125,45.92211016,16.36202859
Anchusa azurea,AM,65.0365139,0,34.9634861
Anchusa officinalis,AM,46.16631563,0,53.83368437
Andropogon distachyos,AM,24.58776141,61.93892036,13.47331824
Andropogon gerardi,AM,24.32608535,52.01780036,23.65611429
Andropogon virginicus,AM,15.83655277,77.50666132,6.656785915
Androsace albana,AM,7.923957987,41.75727479,50.31876722
Androsace lactea,AM,11.89667584,0,88.10332416
Androsace maxima,AM,10.57665019,0,89.42334981
Androsace septentrionalis,AM,2.493881841,0,97.50611816
Androsace vandellii,AM,0,95.01292689,4.987073112
Anemone canadensis,AM,39.20557519,38.11085921,22.68356561
Anemone nemorosa,AM,38.17650773,10.69977089,51.12372138
Anemone quinquefolia,AM,38.26405606,0,61.73594394
Anemone ranunculoides,AM,33.00772265,9.673089994,57.31918736
Anemone speciosa,AM,42.83568156,28.83040476,28.33391368
Anemone sylvestris,AM,38.56161428,33.42509581,28.0132899
Anethum graveolens,AM,45.79019422,0.767950498,53.44185528
Angelica archangelica,AM,81.36203012,8.840409449,9.797560432
Angelica sylvestris,AM,78.76930848,11.71595059,9.514740924
Annona acuminata,AM,29.70589814,48.68338688,21.61071498
Annona salzmannii,AM,45.22165821,49.77600753,5.002334254
Annona spraguei,AM,58.95413139,25.49911775,15.54675087
Antennaria carpatica,AM,10.02032975,76.08152194,13.89814832
Antennaria dioica,AM,1.776454505,79.13724055,19.08630494
Antennaria parvifolia,AM,5.220188231,75.23299353,19.54681824
Antennaria plantaginifolia,AM,20.45170538,27.75949252,51.7888021
Antennaria rosulata,AM,0.606910596,63.88789949,35.50518991
Anthemis arvensis,AM,13.8226227,0,86.1773773
Anthemis cotula,AM,57.03021062,6.620679489,36.34910989
Anthemis cretica,AM,28.87297433,9.35809588,61.76892979
Archanthemis marschalliana,AM,22.33913988,54.03327689,23.62758324
Anthemis ruthenica,AM,20.65471115,0,79.34528885
Cota tinctoria,AM,15.5962918,43.45175195,40.95195625
Anthericum liliago,AM,65.91253719,0,34.08746281
Anthericum ramosum,AM,45.9749445,22.16892524,31.85613026
Anthoxanthum alpinum,AM,8.666088115,60.00214856,31.33176333
Anthoxanthum aristatum,AM,14.73594647,31.72496445,53.53908908
Anthoxanthum odoratum,AM,8.364072771,67.44843056,24.18749667
Anthriscus caucalis,AM,43.0921559,12.00283419,44.90500991
Anthriscus cerefolium,AM,20.51894124,1.416425267,78.06463349
Anthriscus nitida,AM,58.86442773,16.77284491,24.36272736
Anthriscus sylvestris,AM,62.03412576,0,37.96587424
Apeiba membranacea,AM,47.679058,37.06147311,15.25946889
Apeiba tibourbou,AM,64.63115382,21.19268555,14.17616063
Apera interrupta,AM,0.399094899,47.3630296,52.2378755
Alchemilla arvensis,AM,2.139563844,35.74291155,62.11752461
Aphanes inexspectata,AM,9.375488257,32.66908164,57.9554301
Helosciadium inundatum,AM,2.563307649,0,97.43669235
Helosciadium nodiflorum ,AM,40.04848912,0,59.95151088
Apocynum androsaemifolium,AM,45.58028235,40.76537378,13.65434387
Aporosa aurea,AM,46.57653121,49.80461159,3.618857202
Aporosa bracteosa,AM,34.19482465,59.92869193,5.876483418
Aporosa falcifera,AM,41.12366159,57.6537577,1.222580715
Aporosa globifera,AM,39.60569461,45.70219978,14.69210561
Aporosa microstachya,AM,38.62317797,50.53651648,10.84030555
Aporosa nigricans,AM,54.39141934,41.90776527,3.700815394
Aporosa prainiana,AM,51.45782061,25.58904662,22.95313277
Aposeris foetida,AM,39.15322826,0,60.84677174
Appunia seibertii,AM,56.06169259,15.00499078,28.93331663
Apuleia leiocarpa,AM,31.61138005,48.2695964,20.11902355
Aquilegia atrata,AM,53.10823061,3.721298231,43.17047115
Aquilegia braunerana,AM,25.64244862,34.31156126,40.04599012
Aquilegia vulgaris,AM,40.99627528,32.00941959,26.99430513
Aralia hispida,AM,37.87647322,48.97411931,13.14940748
Arctium lappa,AM,87.2451183,0.395597104,12.3592846
Arctium minus,AM,84.89788507,0,15.10211493
Ardisia bartlettii,AM,38.62837631,49.92733746,11.44428622
Ardisia crassa,AM,38.57183563,55.43777567,5.9903887
Ardisia fendleri,AM,61.28672271,27.6989828,11.01429449
Ardisia guianensis,AM,45.02179142,35.04333693,19.93487165
Ardisia hulletii,AM,49.85192539,45.18805637,4.96001824
Ardisia kunstleri,AM,48.41463693,50.25724447,1.328118594
Aristida dichotoma,AM,4.041129326,78.04246796,17.91640272
Aristida oligantha,AM,5.02696095,60.29747588,34.67556317
Aristida purpurascens,AM,8.636882337,59.32899433,32.03412334
Aristida purpurea,AM,0,100,0
Arnica montana,AM,59.0724297,0,40.9275703
Arnoseris minima,AM,35.05835206,0,64.94164794
Fridericia candicans,AM,64.6131544,27.77891814,7.607927465
Fridericia florida,AM,50.24190621,33.22818976,16.52990403
Fridericia schumanniana,AM,52.11050048,35.80475964,12.08473988
Arrhenatherum elatius,AM,23.76188197,35.52005401,40.71806402
Artemisia absinthium,AM,32.34760008,23.48010628,44.17229364
Artemisia annua,AM,24.88690521,28.27524195,46.83785284
Artemisia campestris,AM,22.28924042,30.41304809,47.29771149
Artemisia carruthii,AM,5.832437034,61.45865163,32.70891133
Artemisia campestris subsp. caudata,AM,29.51640465,49.24101967,21.24257569
Artemisia dracunculus,AM,10.63345616,46.86260915,42.50393469
Artemisia ludoviciana,AM,12.53536881,65.09222645,22.37240474
Artemisia maritima,AM,37.72890573,24.496981,37.77411327
Artemisia verlotiorum,AM,31.58955946,59.94330023,8.467140304
Artemisia vulgaris,AM,39.05276769,49.64750008,11.29973223
Aruncus dioicus,AM,70.58389813,3.338780028,26.07732184
Asarum canadense,AM,69.92891231,0,30.07108769
Asarum europaeum,AM,52.42119883,0,47.57880117
Asclepias incarnata,AM,36.05668554,28.25687442,35.68644004
Asclepias syriaca,AM,63.43525299,17.31986391,19.2448831
Asclepias tuberosa,AM,30.74701815,28.17419497,41.07878689
Asclepias verticillata,AM,4.858616084,42.20936972,52.93201419
Asclepias viridis,AM,25.55262314,72.49563902,1.951737839
Asparagus officinalis,AM,0.349989536,92.58772385,7.062286613
Aster acuminatus,AM,8.386054188,68.62510711,22.98883871
Aster alpinus,AM,10.06100535,60.7886499,29.15034474
Aster amellus,AM,25.99000364,43.89777019,30.11222617
Aster bellidiastrum,AM,42.23373286,0,57.76626714
Aster dumosus,AM,6.158131752,90.93639064,2.905477605
Symphyotrichum ericoides,AM,8.851997371,56.67056682,34.47743581
Eurybia hemispherica,AM,8.844269564,83.42899969,7.726730742
Aster laevis,AM,39.0672287,33.84771463,27.08505667
Symphyotrichum lanceolatum,AM,10.93437435,64.48919371,24.57643195
Galatella linosyris,AM,6.506554166,79.22889627,14.26454956
Symphyotrichum novae-angliae,AM,18.02066813,46.54004941,35.43928246
Symphyotrichum patens,AM,8.001052449,83.93362632,8.065321233
Symphyotrichum pilosum,AM,21.76256422,36.45947998,41.7779558
Symphyotrichum puniceum,AM,35.42758175,40.32829235,24.2441259
Aster sagittifolius,AM,18.87198113,36.67152402,44.45649485
Aster simplex,AM,31.23052345,42.32036343,26.44911312
Tripolium pannonicum subsp. tripolium,AM,54.38458391,0,45.61541609
Doellingeria umbellata,AM,48.65086494,4.362779431,46.98635563
Astrantia major,AM,59.75768842,0,40.24231158
Astrantia minor,AM,19.13634383,31.57769511,49.28596106
Astrocaryum standleyanum,AM,61.30204974,37.15324822,1.54470204
Astronium graveolens,AM,53.63924073,34.17983837,12.1809209
Athamanta cretensis,AM,50.34377182,49.65622818,0
Athyrium distentifolium,AM,62.31442215,3.614048608,34.07152924
Athyrium filix-femina,AM,69.03485643,0,30.96514357
Atropa belladonna,AM,63.57954006,6.961626445,29.45883349
Aucuba japonica,AM,65.25534402,22.40097744,12.34367854
Aulonemia effusa,AM,37.32341148,62.67658852,0
Avena barbata,AM,6.571848696,42.37298978,51.05516152
Avena fatua,AM,40.1700246,19.5561003,40.2738751
Avena sativa,AM,57.20457374,11.44312127,31.35230499
Avena sterilis,AM,41.99290758,15.83566449,42.17142794
Avena strigosa,AM,36.68962849,18.99490971,44.3154618
Avenula pubescens,AM,25.63393328,48.30660516,26.05946155
Avenula versicolor,AM,14.63974081,85.23128916,0.128970029
Baccaurea parviflora,AM,41.98886232,49.43123942,8.579898263
Baccaurea racemosa,AM,46.58498177,47.87046543,5.544552805
Bactris acanthocarpa,AM,52.43225705,37.19688447,10.37085848
Bactris setosa,AM,54.32404888,34.96391776,10.71203336
Amauriopsis dissecta,AM,69.43247164,0,30.56752836
Barbacenia blackii,AM,45.31166557,54.68833443,0
Barringtonia macrostachya,AM,61.91929529,36.90316091,1.177543795
Beilschmiedia pendula,AM,49.80404522,50.19595478,0
Bellardiochloa variegata,AM,11.32349111,70.84713292,17.82937598
Aster bellidiastrum ,AM,34.36911746,0,65.63088254
Bellis perennis,AM,21.12952753,0,78.87047247
Berberis vulgaris,AM,18.03054889,70.68260314,11.28684797
Berchemia scandens,AM,11.090431,80.4724898,8.437079202
Betonica macrantha,AM,46.10787362,33.89119982,20.00092655
Bidens andicola,AM,15.40090765,68.97574742,15.62334493
Bidens cernua,AM,25.93233142,27.44377479,46.62389379
Bidens connata,AM,26.71313274,0,73.28686726
Bidens frondosa,AM,45.52653897,5.616578414,48.85688262
Bidens radiata,AM,62.87679333,0,37.12320667
Bidens tripartita,AM,43.99484561,0,56.00515439
Bifora radians,AM,32.65954583,0,67.34045417
Blackstonia perfoliata,AM,6.271475947,34.85298429,58.87553977
Struthiopteris spicant,AM,69.40368039,0,30.59631961
Muhlenbergia tricholepis,AM,2.301551503,97.6984485,0
Blephilia ciliata,AM,8.376718527,74.42320747,17.20007401
Alibertia dwyeri,AM,54.44391022,38.2828789,7.273210886
Bothriochloa insculpta,AM,10.89772402,47.74005594,41.36222004
Botrychium lunaria,AM,25.42439941,23.84826828,50.72733231
Bouteloua curtipendula,AM,15.21251148,66.01096723,18.77652129
Bouteloua gracilis,AM,4.7359213,73.10193502,22.16214368
Bouteloua hirsuta,AM,12.73260711,70.53566165,16.73173124
Bouteloua simplex,AM,0,100,0
Brachypodium distachyon,AM,1.722192378,56.31628698,41.96152065
Brachypodium phoenicoides,AM,18.27275564,63.24869829,18.47854607
Brachypodium rupestre,AM,23.64992653,40.83093144,35.51914204
Brachypodium sylvaticum,AM,26.34114209,21.40626512,52.25259278
Briza media var. caucasica,AM,10.81436727,45.66300615,43.52262658
Briza media,AM,22.1103839,27.16592503,50.72369106
Bromus arvensis,AM,26.20843735,45.22123971,28.57032294
Bromus benekenii,AM,9.337623019,59.36975198,31.292625
Bromus ciliatus,AM,11.82842803,48.79915751,39.37241445
Bromus commutatus,AM,26.54543199,29.30377743,44.15079058
Bromus diandrus,AM,22.73413099,38.89550045,38.37036855
Bromus erectus,AM,11.80979209,64.39404634,23.79616158
Bromus grossus,AM,12.89496834,43.46280743,43.64222423
Bromus hordeaceus,AM,17.40449796,47.02933392,35.56616812
Bromus inermis,AM,37.27579161,38.79796087,23.92624752
Bromus japonicus,AM,13.35193661,54.83585679,31.8122066
Bromus kalmii,AM,16.38288192,55.36879946,28.24831862
Bromus lanceolatus,AM,4.53456038,43.75412521,51.71131441
Bromus madritensis,AM,8.041850178,31.11956146,60.83858836
Bromus racemosus,AM,44.95920201,6.704122838,48.33667515
Bromus ramosus,AM,36.64282478,29.96297649,33.39419872
Bromus secalinus,AM,31.90242377,42.41468071,25.68289551
Bromus squarrosus,AM,35.52217778,16.42811896,48.04970326
Bromus sterilis,AM,15.9921059,40.09673631,43.91115779
Brosimum alicastrum,AM,36.03145987,55.50213378,8.466406347
Brosimum guianense,AM,36.65458068,49.01373793,14.33168139
Brosimum utile,AM,49.3251313,50.51175995,0.163108754
Broussonetia papyrifera,AM,59.07785942,22.40779465,18.51434593
Bryonia alba,AM,55.93298806,1.284793554,42.78221839
Buchenavia tetraphylla,AM,22.11954257,66.05556688,11.82489055
Buddleja davidii,AM,48.26178629,44.54741633,7.190797381
Bunium bulbocastanum,AM,45.74441408,0,54.25558592
Buphthalmum salicifolium,AM,24.35167484,16.62021441,59.02811075
Bupleurum ranunculoides,AM,19.33870358,79.6775977,0.983698727
Bupleurum rotundifolium,AM,34.31480009,33.02541147,32.65978843
Bupleurum stellatum,AM,12.3242145,60.49719526,27.17859024
Bupleurum tenuissimum,AM,5.656301036,14.68153212,79.66216685
Buxus sempervirens,AM,10.8702114,89.1297886,0
Byrsonima dealbata,AM,35.88740489,64.11259511,0
Byrsonima sericea,AM,35.65156138,62.79306934,1.555369273
Byrsonima verbascifolia,AM,43.61371108,56.38628892,0
Cacalia plantaginea,AM,28.9701477,71.0298523,0
Paubrasilia echinata,AM,14.43660961,67.59068213,17.97270826
Calamagrostis arundinacea,AM,25.04338702,55.46673063,19.48988234
Calamagrostis canescens,AM,23.54372898,40.86652303,35.58974799
Calamagrostis purpurea,AM,26.34422966,43.75572285,29.90004749
Calamagrostis varia,AM,25.51664172,42.30044847,32.18290982
Calamagrostis villosa,AM,19.38039125,42.27067057,38.34893818
Calamintha nepeta,AM,11.3643054,82.24708964,6.388604966
Calea coronopifolia,AM,8.264084298,91.7359157,0
Calendula arvensis,AM,36.14981728,0,63.85018272
Callichlamys latifolia,AM,63.63243253,20.66214919,15.70541827
Calophyllum brasiliense,AM,55.26921221,32.30381161,12.42697618
Calophyllum longifolium,AM,57.44569242,42.55430758,0
Calystegia sepium,AM,44.84691696,8.123420972,47.02966207
Calystegia silvatica,AM,45.1101333,0,54.8898667
Calystegia soldanella,AM,49.41404259,0,50.58595741
Campanula barbata,AM,18.43981154,28.90714055,52.65304792
Campanula cenisia,AM,3.703273659,49.70759754,46.5891288
Campanula cervicaria,AM,21.38281505,39.7503968,38.86678815
Campanula cochleariifolia,AM,3.632742662,29.6812151,66.68604224
Campanula collina,AM,30.82434248,35.85505538,33.32060215
Campanula excisa,AM,0,3.785961558,96.21403844
Campanula glomerata,AM,54.37211968,12.42505383,33.20282649
Campanula latifolia,AM,44.81516635,0,55.18483365
Campanula persicifolia,AM,20.7814012,36.77673748,42.44186132
Campanula raineri,AM,22.5303394,0,77.4696606
Campanula rapunculoides,AM,35.02730387,0,64.97269613
Campanula rapunculus,AM,28.99472645,0,71.00527355
Campanula rotundifolia,AM,7.370461651,23.60399958,69.02553877
Campanula scheuchzeri,AM,3.125265086,52.28036546,44.59436946
Campanula sibirica,AM,18.95799013,48.57214314,32.46986672
Campanula spicata,AM,56.78154078,0,43.21845922
Campanula trachelium,AM,44.06783113,0,55.93216887
Campanula tridentata,AM,12.27507283,60.30190717,27.42302
Canarium littorale,AM,56.91217694,43.08782306,0
Canarium littorale,AM,44.12280912,55.87719088,0
Cannabis sativa,AM,45.26841649,22.714494,32.01708952
Caraipa densifolia,AM,37.65163557,50.55855361,11.78981082
Carapa guianensis,AM,67.85087252,32.14912748,0
Carduus acanthoides,AM,65.70498341,0,34.29501659
Carduus defloratus,AM,75.03432124,0,24.96567876
Carlina acaulis,AM,44.44747286,18.86418605,36.68834109
Carlina vulgaris,AM,58.71910657,0,41.28089343
Carthamus tinctorius,AM,70.1836108,0,29.8163892
Carum carvi,AM,31.92582015,29.05938976,39.01479009
Carum caucasicum,AM,29.87488086,55.35420444,14.7709147
Carum meifolium,AM,22.88140985,40.13362703,36.98496312
Casearia aculeata,AM,30.454977,48.03191017,21.51311284
Casearia arborea,AM,39.74349276,36.34446828,23.91203896
Casearia commersoniana,AM,44.19833336,44.5231614,11.27850524
Casearia guianensis,AM,43.88909983,29.31121819,26.79968198
Casearia javitensis,AM,43.60048659,48.04348517,8.356028232
Casearia sylvestris,AM,30.58714775,50.84664792,18.56620433
Castilla elastica,AM,67.76799779,21.1937569,11.0382453
Catabrosella variegata,AM,13.37925009,59.00520821,27.61554169
Catananche caerulea,AM,44.51715983,0,55.48284017
Caulophyllum thalictroides,AM,36.50306446,17.73015222,45.76678332
Cavanillesia platanifolia,AM,79.19020978,7.655320143,13.15447007
Cayaponia granatensis,AM,67.69301893,24.58560067,7.721380407
Cecropia insignis,AM,83.33854047,16.66145953,0
Cecropia longipes,AM,88.6796945,3.96615407,7.354151427
Cecropia obtusifolia,AM,83.13188894,13.08316075,3.784950309
Cecropia pachystachya,AM,79.76219784,10.50371832,9.734083838
Cedrela odorata,AM,68.64769944,16.81961747,14.53268309
Ceiba pentandra,AM,43.767953,47.34165998,8.890387019
Celtis australis,AM,41.04396168,37.98699369,20.96904464
Celtis iguanaea,AM,40.01668861,19.93333325,40.04997814
Celtis schippii,AM,42.36622554,41.94800321,15.68577125
Cenchrus longispinus,AM,17.20991772,50.71773251,32.07234977
Centaurea aspera,AM,48.88129315,0,51.11870685
Centaurea calcitrapa,AM,48.82999432,0.046311018,51.12369466
Centaurea cheiranthifolia,AM,56.96983083,0,43.03016917
Centaurea cyanus,AM,40.19014541,9.476703607,50.33315099
Centaurea deusta,AM,51.60255747,29.8470534,18.55038912
Centaurea diffusa,AM,25.27071778,38.09562407,36.63365816
Centaurea jacea,AM,39.18541878,24.35298022,36.461601
Centaurea maculosa,AM,18.45882168,48.64467579,32.89650253
Centaurea nigra,AM,26.22649991,55.23369604,18.53980405
Centaurea nigrescens,AM,46.2088914,8.770493459,45.02061515
Centaurea phrygia,AM,57.08778563,0,42.91221437
Centaurea rhaetica,AM,13.08479974,49.4111648,37.50403547
Centaurea scabiosa,AM,54.43894233,22.13602136,23.42503631
Centaurea solstitialis,AM,29.22868228,13.18766375,57.58365397
Centaurea stoebe,AM,32.88811898,1.198295843,65.91358518
Centaurea uniflora,AM,18.23140427,48.7248902,33.04370553
Centaurium erythraea,AM,23.27070776,15.8920409,60.83725134
Centaurium littorale,AM,1.001636098,44.37171067,54.62665324
Centaurium pulchellum,AM,0,10.2615647,89.7384353
Cephalotaxus fortunei,AM,9.937083164,90.06291684,0
Bromus catharticus,AM,31.296239,45.37268652,23.33107449
Cercis canadensis,AM,12.49007383,71.98381836,15.5261078
Cercis siliquastrum,AM,44.85620307,41.58317021,13.56062673
Cestrum megalophyllum,AM,58.07606494,26.12328371,15.80065135
Chaerophyllum bulbosum,AM,57.93034363,26.29953581,15.77012056
Chaerophyllum hirsutum,AM,44.73453288,15.09046759,40.17499953
Chaerophyllum roseum,AM,29.80177386,45.37587823,24.8223479
Chaetocarpus myrsinites,AM,41.8680478,53.86310542,4.268846784
Chaetopappa ericoides,AM,0,63.12731232,36.87268768
Chamaesciadium acaule,AM,14.48684506,72.56171263,12.95144231
Chamguava schippii,AM,38.77243079,50.42394721,10.803622
Chimarrhis parviflora,AM,64.34041591,21.84567539,13.81390871
Chondrilla juncea,AM,47.46520412,15.47430107,37.06049481
Leucanthemum vulgare,AM,19.87419758,55.48762339,24.63817903
Chrysochlamys eclipes,AM,70.30438828,28.03515791,1.660453814
Chrysophyllum argenteum,AM,47.94879376,40.98021576,11.07099049
Chrysophyllum cainito,AM,35.64669293,56.91187302,7.441434052
Chrysophyllum rufum,AM,35.11288368,60.25623877,4.630877555
Chrysopsis camporum,AM,10.28131682,89.71868318,0
Cicendia filiformis,AM,0,35.15985345,64.84014655
Cicerbita alpina,AM,65.24373632,0,34.75626368
Cicerbita racemosa,AM,43.02141415,1.06357165,55.9150142
Cichorium intybus,AM,36.55119148,41.67869382,21.77011471
Cicuta virosa,AM,78.9319262,0,21.0680738
Cinnamomum glanduliferum,AM,46.85646278,42.54948401,10.59405321
Cinnamomum triplinerve,AM,49.59866373,45.40043584,5.000900436
Circaea alpina,AM,22.94724184,6.653835484,70.39892268
Circaea lutetiana,AM,42.79913766,0,57.20086234
Cirsium acaule,AM,74.29001923,7.385351086,18.32462968
Cirsium alsophilum,AM,82.445625,0,17.554375
Cirsium discolor,AM,57.0699359,42.9300641,0
Cirsium dissectum,AM,55.94271946,0,44.05728054
Cirsium erisithales,AM,80.08184432,0,19.91815568
Cirsium helenioides,AM,70.3847816,0,29.6152184
Cirsium oleraceum,AM,57.33310556,0,42.66689444
Cirsium pannonicum,AM,63.48335977,9.993755108,26.52288512
Cirsium simplex,AM,60.1243873,0,39.8756127
Cirsium tuberosum,AM,84.49739664,5.982307865,9.520295491
Cirsium vulgare,AM,79.04851475,0,20.95148525
Cirsium wheeleri,AM,66.8528847,33.1471153,0
Claytonia perfoliata,AM,21.49109505,0,78.50890495
Claytonia virginica,AM,26.96069452,0,73.03930548
Cleistanthus maingayi,AM,44.39357191,39.19224958,16.41417851
Clematis alpina,AM,44.91422853,23.85097987,31.2347916
Clematis flammula,AM,41.10521819,24.50756737,34.38721443
Clematis recta,AM,47.27896819,19.03083645,33.69019536
Clematis vitalba,AM,58.24316598,4.603643277,37.15319074
Clematis viticella,AM,59.00398882,40.99601118,0
Clidemia dentata,AM,41.79770827,35.91661618,22.28567556
Clidemia octona,AM,47.94959988,28.30711512,23.74328501
Clidemia septuplinervia,AM,48.92966146,20.34544536,30.72489318
Clinopodium vulgare,AM,24.72441157,30.41269898,44.86288944
Clusia nemorosa,AM,69.62441886,30.37558114,0
Centaurea benedicta,AM,47.4826852,0,52.5173148
Cnidium dubium,AM,36.78670741,28.97439003,34.23890256
Cochlospermum regium,AM,59.424106,30.19366409,10.38222991
Coffea arabica,AM,18.2804326,60.53184289,21.18772451
Colchicum autumnale,AM,68.24790216,0,31.75209784
Colubrina glandulosa,AM,56.74680485,28.00119786,15.25199729
Combretum laxum,AM,40.74555053,59.25444947,0
Conium maculatum,AM,64.12384558,13.09627751,22.77987691
Connarus turczaninowii,AM,52.36206626,45.00972955,2.628204198
Conostegia bracteata,AM,48.50082154,30.33684565,21.16233281
Conostegia cinnamomea,AM,40.36235438,30.72039896,28.91724666
Consolida regalis,AM,20.39062041,36.9309769,42.67840269
Convallaria majalis,AM,44.8965883,14.10839765,40.99501405
Convolvulus arvensis,AM,30.58276334,6.673047327,62.74418933
Conyza bonariensis,AM,26.26442327,56.24760428,17.48797245
Erigeron canadensis,AM,9.980923261,42.27989406,47.73918268
Copaifera duckei,AM,26.29973274,58.78636822,14.91389904
Coptis trifolia subsp. groenlandica,AM,7.7210617,74.01765101,18.26128729
Cordia alliodora,AM,33.7242268,48.37537745,17.90039575
Cordia bicolor,AM,39.04463891,50.34231101,10.61305008
Cordia lasiocalyx,AM,37.38003841,47.28733084,15.33263075
Cordia superba,AM,57.41671845,31.42978564,11.15349592
Coreopsis palmata,AM,14.95693078,71.65070589,13.39236333
Coreopsis tinctoria,AM,52.43725016,0,47.56274984
Coriandrum sativum,AM,29.14934928,0,70.85065072
Cornus drummondii,AM,21.09181775,74.82864583,4.079536415
Cornus mas,AM,21.67218603,50.43801641,27.88979756
Cornus rugosa,AM,35.75163208,48.58301272,15.6653552
Cornus sanguinea,AM,43.09310076,41.15900039,15.74789885
Cornus sericea,AM,21.88517748,63.75902923,14.3557933
Cornus suecica,AM,17.22564998,7.746529599,75.02782043
Cosmos parviflorus,AM,27.87727351,0,72.12272649
Cotinus coggygria,AM,30.96807365,57.39903971,11.63288665
Cotoneaster horizontalis,AM,1.664847949,92.66805485,5.6670972
Cotoneaster integerrimus,AM,16.9466074,68.17476439,14.87862821
Cotula coronopifolia,AM,13.52817931,0,86.47182069
Coussarea curvigemmia,AM,47.50232154,25.74697698,26.75070149
Coutarea hexandra,AM,54.57952246,41.58486744,3.835610097
Crataegus laevigata,AM,18.77527857,55.9321023,25.29261912
Crataegus monogyna,AM,19.21660893,80.78339107,0
Crataegus submollis,AM,42.8407817,36.3229156,20.8363027
Crepis aurea,AM,18.31510976,27.32265466,54.36223559
Crepis capillaris,AM,36.3314091,0,63.6685909
Crepis foetida,AM,39.11738605,0,60.88261395
Crepis froelichiana,AM,37.2946619,17.77340301,44.93193509
Crepis glabra,AM,42.88639305,0,57.11360695
Crepis jacquinii,AM,17.28682129,59.52647286,23.18670585
Crepis pyrenaica,AM,44.67996938,11.94229275,43.37773787
Crepis setosa,AM,49.04340196,0,50.95659804
Crepis tectorum,AM,21.31134654,0,78.68865346
Crepis vesicaria,AM,53.58972946,0,46.41027054
Croton argyratus,AM,33.98089106,66.01910894,0
Croton billbergianus,AM,59.04438429,23.92578822,17.02982749
Croton capitatus,AM,12.72213412,77.22106681,10.05679907
Cruciata glabra,AM,4.157240086,15.46945817,80.37330174
Cruciata laevipes,AM,0.042216244,44.16966493,55.78811882
Cucurbita pepo,AM,86.299718,0,13.700282
Cupania cinerea,AM,76.57064576,21.49871831,1.930635929
Cupania impressinervia,AM,47.57084438,43.23009311,9.199062509
Cupania latifolia,AM,71.9128197,26.9617226,1.1254577
Cupania rufescens,AM,75.53271512,22.23338633,2.233898556
Cupania seemannii,AM,68.78363784,25.3707569,5.845605256
Cuphea ericoides,AM,0,100,0
Curatella americana,AM,63.18265323,36.81734677,0
Centaurea cyanus,AM,21.91243743,0,78.08756257
Centaurea triumfettii,AM,45.24703909,0,54.75296091
Cyclamen purpurascens,AM,40.58195885,0,59.41804115
Bignonia aequinoctialis,AM,46.11416783,51.14405496,2.741777213
Cymbalaria muralis,AM,18.88499728,0,81.11500272
Cynanchum nigrum,AM,29.48664757,37.4395648,33.07378764
Cynodon dactylon,AM,11.96858644,41.51873013,46.51268343
Cynoglossum officinale,AM,45.43508836,0,54.56491164
Cynometra malaccensis,AM,63.40361894,36.59638106,0
Cynosurus cristatus,AM,15.05454915,42.11656891,42.82888194
Cyrtomium fortunei,AM,79.48284008,0,20.51715992
Cystopteris fragilis,AM,31.1180047,0,68.8819953
Dacryodes laxa,AM,56.078111,43.921889,0
Dacryodes rostrata,AM,39.74354516,60.25645484,0
Dacryodes rugosa,AM,47.00969693,52.99030307,0
Dactylis glomerata,AM,43.69995725,27.93579519,28.36424756
Danthonia decumbens,AM,13.23184114,76.02894175,10.7392171
Danthonia spicata,AM,18.63514315,77.19345083,4.171406018
Daphne cneorum,AM,3.19053959,71.29707972,25.51238069
Daphne gnidium,AM,8.467933897,52.8041123,38.7279538
Daphne laureola,AM,43.70228398,48.96168087,7.336035146
Daphne mezereum,AM,31.97162759,8.049770743,59.97860166
Datura stramonium,AM,72.61865838,0,27.38134162
Daucus carota,AM,29.19602065,41.31181655,29.4921628
Davilla nitida,AM,39.35479578,48.69665724,11.94854698
Declieuxia fruticosa,AM,20.37069484,79.62930516,0
Dendropanax arboreus,AM,57.17987604,34.89037376,7.929750196
Dennstaedtia punctilobula,AM,22.71447934,31.47263358,45.81288709
Deschampsia cespitosa,AM,13.45542256,66.47438781,20.07018963
Avenella flexuosa,AM,1.663938306,68.1535083,30.18255339
Deschampsia setacea,AM,0,71.03604015,28.96395985
Catapodium rigidum,AM,0.138116298,60.51606073,39.34582297
Desmopsis panamensis,AM,46.6857138,38.81768341,14.49660279
Deutzia crenata,AM,36.69742064,44.37094619,18.93163317
Dialium guianense,AM,32.75709046,34.92445148,32.31845806
Dialium platysepalum,AM,41.80037271,53.79784241,4.401784889
Dichanthium ischaemum,AM,9.368341246,50.34289302,40.28876574
Dictamnus albus,AM,53.99169993,35.42676029,10.58153978
Digitalis grandiflora,AM,50.93377484,7.718093517,41.34813164
Digitalis lutea,AM,57.63676371,3.08689735,39.27633894
Digitaria ischaemum,AM,9.507744772,3.647979061,86.84427617
Digitaria milanjiana,AM,34.95077094,30.20488197,34.84434708
Digitaria sanguinalis,AM,38.73159834,0,61.26840166
Diospyros apiculata,AM,40.41748877,54.56928042,5.013230814
Diospyros artanthifolia,AM,36.11848665,58.51588938,5.365623978
Diospyros lotus,AM,44.66367216,52.43914058,2.897187254
Diospyros nutans,AM,33.44243018,60.41190912,6.145660699
Diospyros scortechinii,AM,26.7759363,71.40180369,1.82226001
Diospyros venosa,AM,32.19145645,67.78941928,0.01912427
Diospyros virginiana,AM,12.77256819,80.6373654,6.590066411
Diphasiastrum alpinum,AM,7.22136391,83.74528473,9.033351359
Diphasiastrum complanatum,AM,12.0749322,87.9250678,0
Diplospora malaccensis,AM,59.85153614,38.41836084,1.730103018
Diplusodon orbicularis,AM,4.541248664,95.45875134,0
Dipsacus pilosus,AM,56.10040018,0,43.89959982
Dipsacus strigosus,AM,70.85691025,18.39718635,10.7459034
Dipteryx oleifera,AM,73.5922419,20.35645963,6.051298461
Dittrichia viscosa,AM,45.37633787,0,54.62366213
Dolichorrhiza caucasica,AM,40.88841933,0,59.11158067
Doliocarpus major,AM,39.2396703,47.71800924,13.04232046
Doliocarpus olivaceus,AM,50.47282879,40.00483335,9.522337858
Doronicum clusii,AM,36.50524996,0,63.49475004
Doronicum grandiflorum,AM,39.29300389,0,60.70699611
Dryopteris affinis,AM,71.70049775,6.797303773,21.50219848
Dryopteris carthusiana,AM,73.44809265,9.497882998,17.05402435
Dryopteris dilatata,AM,42.37430554,18.73271516,38.89297929
Dryopteris expansa,AM,32.64856031,26.21476133,41.13667836
Dryopteris filix-mas,AM,70.8946005,7.858271076,21.24712843
Dryopteris remota,AM,66.55266508,0,33.44733492
Drypetes standleyi,AM,37.78276439,56.14083773,6.076397881
Duguetia gardneriana,AM,46.86875363,52.03337881,1.097867552
Echeandia flavescens,AM,38.3070729,0,61.6929271
Echinolaena inflexa,AM,15.94150494,77.94974899,6.108746069
Echinops exaltatus,AM,54.74063252,33.14608099,12.11328649
Echinops ritro,AM,78.06094132,11.96382179,9.975236893
Elatine hexandra,AM,0,29.33958832,70.66041168
Elatine hydropiper,AM,0,0,100
Eleusine indica,AM,15.71721403,33.96418613,50.31859984
Elymus athericus,AM,32.43106682,49.98932531,17.57960787
Elymus canadensis,AM,28.08386661,50.02806981,21.88806359
Elymus elymoides,AM,15.39765319,67.25631645,17.34603036
Elymus farctus,AM,18.96016752,76.00796215,5.031870332
Elymus repens,AM,30.98380062,36.28086335,32.73533602
Elymus trachycaulus,AM,12.90118069,48.14512953,38.95368978
Elymus repens,AM,20.12109908,48.23206178,31.64683914
Monoon fuscum,AM,60.15367692,35.38366136,4.462661714
Epilobium alpestre,AM,18.71758631,24.57178263,56.71063106
Epilobium anagallidifolium,AM,0,58.96777003,41.03222997
Chamaenerion angustifolium,AM,34.6426294,17.10450916,48.25286144
Epilobium brachycarpum,AM,6.7067445,5.870268355,87.42298715
Epilobium ciliatum,AM,19.30891309,0,80.69108691
Epilobium coloratum,AM,11.32607523,43.54633967,45.1275851
Epilobium dodonaei,AM,17.96342062,59.28432772,22.75225166
Epilobium fleischeri,AM,8.45177383,59.32501018,32.22321599
Epilobium ciliatum subsp. glandulosum,AM,3.243794986,72.53505322,24.22115179
Epilobium hirsutum,AM,35.573615,20.08484189,44.34154311
Epilobium montanum,AM,35.39006883,25.53877145,39.07115972
Epilobium nutans,AM,10.15834544,30.54887514,59.29277942
Epilobium palustre,AM,34.05412838,0,65.94587162
Erigeron alpinus,AM,16.67130316,43.4464315,39.88226535
Erigeron annuus,AM,41.26644724,12.94564006,45.7879127
Erigeron borealis,AM,13.41947733,0,86.58052267
Erigeron canadensis,AM,19.31106031,43.31354946,37.37539023
Erigeron caucasicus,AM,29.57735653,18.12914292,52.29350055
Erigeron divergens,AM,7.245850194,29.96835113,62.78579867
Erigeron flagellaris,AM,5.250120188,57.82825334,36.92162647
Erigeron formosissimus,AM,14.47010787,52.20106116,33.32883097
Erigeron karvinskianus,AM,14.4168649,18.04356887,67.53956624
Erigeron speciosus,AM,22.8497828,40.03819713,37.11202006
Erigeron strigosus,AM,13.41999059,44.47042374,42.10958566
Erigeron uniflorus,AM,2.678521187,20.8718896,76.44958921
Eriobotrya japonica,AM,54.55999924,45.44000076,0
Eriope arenaria,AM,1.365724387,87.3878215,11.24645411
Eriotheca macrophylla,AM,60.99493487,31.64415631,7.36090882
Erodium cicutarium,AM,35.4150072,0,64.5849928
Erodium lebelii,AM,17.29466011,46.60692864,36.09841125
Erodium moschatum,AM,63.79590749,0,36.20409251
Eryngium campestre,AM,81.30451858,18.69548142,0
Eryngium yuccifolium,AM,23.62698736,76.37301264,0
Erythronium dens-canis,AM,58.00969058,0,41.99030942
Erythroxylum macrophyllum,AM,61.54684711,36.82938872,1.62376417
Erythroxylum panamense,AM,29.85302523,44.29557348,25.8514013
Eschweilera ovata,AM,44.24797982,50.2446957,5.507324479
Eugenia candolleana,AM,35.44245318,44.37190021,20.18564662
Eugenia coloradoensis,AM,44.34675852,50.18767379,5.46556769
Eugenia galalonensis,AM,30.29857951,55.65316851,14.04825198
Eugenia nesiotica,AM,18.04413935,55.78403854,26.17182211
Eugenia oerstediana,AM,20.75165294,59.30478174,19.94356533
Eugenia punicifolia,AM,13.67047709,86.32952291,0
Euonymus europaeus,AM,29.44694151,51.40926856,19.14378993
Euonymus japonicus,AM,29.10475514,70.89524486,0
Eupatorium cannabinum,AM,51.89924558,16.24966608,31.85108834
Conoclinium coelestinum,AM,12.44814669,69.58588033,17.96597299
Eutrochium maculatum,AM,44.87326486,37.41894857,17.70778657
Eupatorium perfoliatum,AM,41.37565491,45.2071816,13.41716349
Ageratina altissima,AM,32.04199975,17.57408477,50.38391548
Euphorbia amygdaloides,AM,14.91841059,47.35521613,37.72637328
Euphorbia brachycera,AM,5.591549075,68.66004575,25.74840518
Euphorbia brittingeri,AM,7.27119943,43.04409377,49.6847068
Euphorbia characias,AM,26.02957014,68.6273041,5.343125753
Euphorbia corollata,AM,6.704874776,83.59312023,9.70200499
Euphorbia cyparissias,AM,0,55.18249182,44.81750818
Euphorbia dendroides,AM,16.47969208,50.29874475,33.22156316
Euphorbia dulcis,AM,11.22078606,23.7069974,65.07221655
Euphorbia esula,AM,6.150702878,31.1098952,62.73940192
Euphorbia falcata,AM,3.189010782,34.30611887,62.50487035
Euphorbia helioscopia,AM,22.97617375,0,77.02382625
Euphorbia lathyris,AM,40.93839144,8.242628229,50.81898033
Euphorbia nutans,AM,5.008813815,80.41510926,14.57607692
Euphorbia palustris,AM,17.51074366,54.05045068,28.43880566
Euphorbia paralias,AM,5.757729339,74.47804034,19.76423032
Euphorbia peplis,AM,19.058391,4.547582602,76.3940264
Euphorbia segetalis,AM,1.964603271,28.77812192,69.25727481
Euphorbia seguieriana,AM,4.673348313,60.39702148,34.92963021
Euphorbia serpillifolia,AM,1.869771719,0,98.13022828
Euphorbia serrulata,AM,8.287219817,31.56545656,60.14732362
Euphorbia spinosa,AM,1.077008038,63.18372798,35.73926398
Euphorbia variabilis,AM,10.86740492,46.7742784,42.35831668
Eustachys paspaloides,AM,11.92918199,22.87807178,65.19274622
Euterpe edulis,AM,45.81848648,38.20328215,15.97823137
Euthamia graminifolia,AM,12.25065771,67.31705853,20.43228376
Evolvulus lithospermoides,AM,6.114927241,70.31491701,23.57015575
Falcaria vulgaris,AM,77.43414722,10.81719859,11.74865419
Faramea occidentalis,AM,41.85806676,46.57496744,11.5669658
Festuca altissima,AM,33.89975643,30.56842224,35.53182134
Festuca arizonica,AM,6.415888407,77.68651232,15.89759927
Lolium arundinaceum,AM,38.40127059,24.01287216,37.58585725
Festuca brevipila,AM,6.43601892,93.56398108,0
Festuca brunnescens,AM,5.984635896,83.19667538,10.81868872
Lolium giganteum,AM,42.45480432,19.78543776,37.75975792
Festuca halleri,AM,2.061526602,93.16827593,4.770197467
Festuca ovina,AM,1.912559008,73.32197477,24.76546623
